100
89 24
76 25
41 82
19 32
43 45
47 38
84 47
52 1
89 88
74 4
34 12
63 23
1 97
16 11
66 83
38 48
25 49
31 82
35 46
86 10
47 37
97 73
66 71
44 7
98 91
50 82
2 75
43 57
26 42
41 24
35 91
15 42
84 29
42 31
99 13
36 37
9 51
17 37
27 17
43 22
70 80
8 33
34 2
71 91
99 10
83 86
37 28
71 20
33 0
63 20
2 86
46 52
33 22
91 53
31 60
63 22
60 22
2 9
14 65
83 73
70 23
15 73
63 72
90 79
13 30
56 81
85 97
18 46
52 81
10 68
47 35
49 22
1 39
20 15
71 49
44 72
28 51
28 53
13 32
52 47
82 35
49 37
98 20
48 81
66 15
4 71
87 1
54 22
24 70
87 4
21 14
85 27
39 49
20 0
57 54
2 30
85 27
49 67
33 23
39 25
